# Made in Blockbench 4.11.1
mtllib chocobo.mtl

o cube
v 0.4375 1.0625 0.5625
v 0.4375 1.0625 -0.375
v 0.4375 0.3125 0.5625
v 0.4375 0.3125 -0.375
v -0.4375 1.0625 -0.375
v -0.4375 1.0625 0.5625
v -0.4375 0.3125 -0.375
v -0.4375 0.3125 0.5625
vt 0.1171875 0.2890625
vt 0.2265625 0.2890625
vt 0.2265625 0.1953125
vt 0.1171875 0.1953125
vt 0 0.2890625
vt 0.1171875 0.2890625
vt 0.1171875 0.1953125
vt 0 0.1953125
vt 0.34375 0.2890625
vt 0.453125 0.2890625
vt 0.453125 0.1953125
vt 0.34375 0.1953125
vt 0.2265625 0.2890625
vt 0.34375 0.2890625
vt 0.34375 0.1953125
vt 0.2265625 0.1953125
vt 0.2265625 0.2890625
vt 0.1171875 0.2890625
vt 0.1171875 0.40625
vt 0.2265625 0.40625
vt 0.3359375 0.40625
vt 0.2265625 0.40625
vt 0.2265625 0.2890625
vt 0.3359375 0.2890625
vn 0 0 -1
vn 1 0 0
vn 0 0 1
vn -1 0 0
vn 0 1 0
vn 0 -1 0
usemtl m_4c98f6f2-891f-c28e-5d78-7fafce3dd6fc
f 4/4/1 7/3/1 5/2/1 2/1/1
f 3/8/2 4/7/2 2/6/2 1/5/2
f 8/12/3 3/11/3 1/10/3 6/9/3
f 7/16/4 8/15/4 6/14/4 5/13/4
f 6/20/5 1/19/5 2/18/5 5/17/5
f 7/24/6 4/23/6 3/22/6 8/21/6
o cube
v 0.34375 1.3194247047438925 -0.10211361698326799
v 0.34375 0.889242377480608 -0.7164776502000119
v 0.34375 0.8074546770632727 0.25637165573613574
v 0.34375 0.37727234979998814 -0.357992377480608
v -0.34375 0.889242377480608 -0.7164776502000119
v -0.34375 1.3194247047438925 -0.10211361698326799
v -0.34375 0.37727234979998814 -0.357992377480608
v -0.34375 0.8074546770632727 0.25637165573613574
vt 0.140625 0.4921875
vt 0.2265625 0.4921875
vt 0.2265625 0.4140625
vt 0.140625 0.4140625
vt 0.046875 0.4921875
vt 0.140625 0.4921875
vt 0.140625 0.4140625
vt 0.046875 0.4140625
vt 0.3203125 0.4921875
vt 0.40625 0.4921875
vt 0.40625 0.4140625
vt 0.3203125 0.4140625
vt 0.2265625 0.4921875
vt 0.3203125 0.4921875
vt 0.3203125 0.4140625
vt 0.2265625 0.4140625
vt 0.2265625 0.4921875
vt 0.140625 0.4921875
vt 0.140625 0.5859375
vt 0.2265625 0.5859375
vt 0.3125 0.5859375
vt 0.2265625 0.5859375
vt 0.2265625 0.4921875
vt 0.3125 0.4921875
vn 0 -0.573576436351046 -0.8191520442889918
vn 1 0 0
vn 0 0.573576436351046 0.8191520442889918
vn -1 0 0
vn 0 0.8191520442889918 -0.573576436351046
vn 0 -0.8191520442889918 0.573576436351046
usemtl m_4c98f6f2-891f-c28e-5d78-7fafce3dd6fc
f 12/28/7 15/27/7 13/26/7 10/25/7
f 11/32/8 12/31/8 10/30/8 9/29/8
f 16/36/9 11/35/9 9/34/9 14/33/9
f 15/40/10 16/39/10 14/38/10 13/37/10
f 14/44/11 9/43/11 10/42/11 13/41/11
f 15/48/12 12/47/12 11/46/12 16/45/12
o cube
v 0.3125 1.1888378564094624 0.6636232432405968
v 0.3125 1.0039423668979062 0.2671135864120626
v 0.3125 0.5657512528217654 0.9541732981873281
v 0.3125 0.3808557633102094 0.5576636413587939
v -0.3125 1.0039423668979062 0.2671135864120626
v -0.3125 1.1888378564094624 0.6636232432405968
v -0.3125 0.3808557633102094 0.5576636413587939
v -0.3125 0.5657512528217654 0.9541732981873281
vt 0.1484375 0.1328125
vt 0.2265625 0.1328125
vt 0.2265625 0.046875
vt 0.1484375 0.046875
vt 0.09375 0.1328125
vt 0.1484375 0.1328125
vt 0.1484375 0.046875
vt 0.09375 0.046875
vt 0.28125 0.1328125
vt 0.359375 0.1328125
vt 0.359375 0.046875
vt 0.28125 0.046875
vt 0.2265625 0.1328125
vt 0.28125 0.1328125
vt 0.28125 0.046875
vt 0.2265625 0.046875
vt 0.2265625 0.1328125
vt 0.1484375 0.1328125
vt 0.1484375 0.1875
vt 0.2265625 0.1875
vt 0.3046875 0.1875
vt 0.2265625 0.1875
vt 0.2265625 0.1328125
vt 0.3046875 0.1328125
vn 0 -0.4226182617406998 -0.9063077870366498
vn 1 0 0
vn 0 0.4226182617406998 0.9063077870366498
vn -1 0 0
vn 0 0.9063077870366498 -0.4226182617406998
vn 0 -0.9063077870366498 0.4226182617406998
usemtl m_4c98f6f2-891f-c28e-5d78-7fafce3dd6fc
f 20/52/13 23/51/13 21/50/13 18/49/13
f 19/56/14 20/55/14 18/54/14 17/53/14
f 24/60/15 19/59/15 17/58/15 22/57/15
f 23/64/16 24/63/16 22/62/16 21/61/16
f 22/68/17 17/67/17 18/66/17 21/65/17
f 23/72/18 20/71/18 19/70/18 24/69/18
o cube
v 0.65625 2.1265273419028015 1.2942932849118534
v 0.65625 1.0722880346366948 0.6226687744783235
v 0.65625 2.1265273419028015 1.2942932849118534
v 0.65625 1.0722880346366948 0.6226687744783235
v -0.59375 1.0722880346366948 0.6226687744783235
v -0.59375 2.1265273419028015 1.2942932849118534
v -0.59375 1.0722880346366948 0.6226687744783235
v -0.59375 2.1265273419028015 1.2942932849118534
vt 0 1
vt 0.15625 1
vt 0.15625 1
vt 0 1
vt 0 1
vt 0.15625 1
vt 0.15625 1
vt 0 1
vt 0 1
vt 0.15625 1
vt 0.15625 1
vt 0 1
vt 0 1
vt 0.15625 1
vt 0.15625 1
vt 0 1
vt 0.984375 0.828125
vt 0.828125 0.828125
vt 0.828125 0.984375
vt 0.984375 0.984375
vn 0 -0.8433914458128856 -0.5372996083468238
vn 1 0 0
vn 0 0.8433914458128856 0.5372996083468238
vn -1 0 0
vn 0 0.5372996083468238 -0.8433914458128856
usemtl m_4c98f6f2-891f-c28e-5d78-7fafce3dd6fc
f 28/76/19 31/75/19 29/74/19 26/73/19
f 27/80/20 28/79/20 26/78/20 25/77/20
f 32/84/21 27/83/21 25/82/21 30/81/21
f 31/88/22 32/87/22 30/86/22 29/85/22
f 30/92/23 25/91/23 26/90/23 29/89/23
o cube
v -0.7583082507064789 1.8396661179110692 1.275311288542385
v -0.10824427389571789 1.3461900923155752 0.3285281886639315
v -0.7583082507064789 1.8396661179110692 1.275311288542385
v -0.10824427389571789 1.3461900923155752 0.3285281886639315
v -0.13924932842320603 0.22946230512487553 0.8892935013482233
v -0.7893133052339671 0.7229383307203698 1.8360766012266767
v -0.13924932842320603 0.22946230512487553 0.8892935013482233
v -0.7893133052339671 0.7229383307203698 1.8360766012266767
vt 0 1
vt 0.15625 1
vt 0.15625 1
vt 0 1
vt 0 1
vt 0.15625 1
vt 0.15625 1
vt 0 1
vt 0 1
vt 0.15625 1
vt 0.15625 1
vt 0 1
vt 0 1
vt 0.15625 1
vt 0.15625 1
vt 0 1
vt 0.984375 0.640625
vt 0.828125 0.640625
vt 0.828125 0.796875
vt 0.984375 0.796875
vn 0.5200511814486088 -0.3947808204763954 -0.7574264799027628
vn 0.024804043621990568 0.8933822297525597 -0.4486122501474332
vn -0.5200511814486088 0.3947808204763954 0.7574264799027628
vn -0.024804043621990568 -0.8933822297525597 0.4486122501474332
vn -0.8537748696781281 -0.2145140912535327 -0.47439664476023297
usemtl m_4c98f6f2-891f-c28e-5d78-7fafce3dd6fc
f 36/96/24 39/95/24 37/94/24 34/93/24
f 35/100/25 36/99/25 34/98/25 33/97/25
f 40/104/26 35/103/26 33/102/26 38/101/26
f 39/108/27 40/107/27 38/106/27 37/105/27
f 38/112/28 33/111/28 34/110/28 37/109/28
o cube
v 0.25 1.3946315904175086 -0.15063683633593006
v 0.25 1.4706026681467907 -0.5814902282787712
v 0.25 0.7791267447848786 -0.25916694737776147
v 0.25 0.8550978225141608 -0.6900203393206026
v -0.25 1.4706026681467907 -0.5814902282787712
v -0.25 1.3946315904175086 -0.15063683633593006
v -0.25 0.8550978225141608 -0.6900203393206026
v -0.25 0.7791267447848786 -0.25916694737776147
vt 0.1640625 0.671875
vt 0.2265625 0.671875
vt 0.2265625 0.59375
vt 0.1640625 0.59375
vt 0.109375 0.671875
vt 0.1640625 0.671875
vt 0.1640625 0.59375
vt 0.109375 0.59375
vt 0.28125 0.671875
vt 0.34375 0.671875
vt 0.34375 0.59375
vt 0.28125 0.59375
vt 0.2265625 0.671875
vt 0.28125 0.671875
vt 0.28125 0.59375
vt 0.2265625 0.59375
vt 0.2265625 0.671875
vt 0.1640625 0.671875
vt 0.1640625 0.7265625
vt 0.2265625 0.7265625
vt 0.2890625 0.7265625
vt 0.2265625 0.7265625
vt 0.2265625 0.671875
vt 0.2890625 0.671875
vn 0 0.17364817766693036 -0.984807753012208
vn 1 0 0
vn 0 -0.17364817766693036 0.984807753012208
vn -1 0 0
vn 0 0.984807753012208 0.17364817766693036
vn 0 -0.984807753012208 -0.17364817766693036
usemtl m_4c98f6f2-891f-c28e-5d78-7fafce3dd6fc
f 44/116/29 47/115/29 45/114/29 42/113/29
f 43/120/30 44/119/30 42/118/30 41/117/30
f 48/124/31 43/123/31 41/122/31 46/121/31
f 47/128/32 48/127/32 46/126/32 45/125/32
f 46/132/33 41/131/33 42/130/33 45/129/33
f 47/136/34 44/135/34 43/134/34 48/133/34
o cube
v 0.1875 1.8363379934645332 -0.136216243169911
v 0.1875 1.890603048985449 -0.4439686659862261
v 0.1875 1.282383632395166 -0.23389334310755933
v 0.1875 1.336648687916082 -0.5416457659238745
v -0.1875 1.890603048985449 -0.4439686659862261
v -0.1875 1.8363379934645332 -0.136216243169911
v -0.1875 1.336648687916082 -0.5416457659238745
v -0.1875 1.282383632395166 -0.23389334310755933
vt 0.1796875 0.8046875
vt 0.2265625 0.8046875
vt 0.2265625 0.734375
vt 0.1796875 0.734375
vt 0.140625 0.8046875
vt 0.1796875 0.8046875
vt 0.1796875 0.734375
vt 0.140625 0.734375
vt 0.265625 0.8046875
vt 0.3125 0.8046875
vt 0.3125 0.734375
vt 0.265625 0.734375
vt 0.2265625 0.8046875
vt 0.265625 0.8046875
vt 0.265625 0.734375
vt 0.2265625 0.734375
vt 0.2265625 0.8046875
vt 0.1796875 0.8046875
vt 0.1796875 0.84375
vt 0.2265625 0.84375
vt 0.2734375 0.84375
vt 0.2265625 0.84375
vt 0.2265625 0.8046875
vt 0.2734375 0.8046875
vn 0 0.17364817766693036 -0.984807753012208
vn 1 0 0
vn 0 -0.17364817766693036 0.984807753012208
vn -1 0 0
vn 0 0.984807753012208 0.17364817766693036
vn 0 -0.984807753012208 -0.17364817766693036
usemtl m_4c98f6f2-891f-c28e-5d78-7fafce3dd6fc
f 52/140/35 55/139/35 53/138/35 50/137/35
f 51/144/36 52/143/36 50/142/36 49/141/36
f 56/148/37 51/147/37 49/146/37 54/145/37
f 55/152/38 56/151/38 54/150/38 53/149/38
f 54/156/39 49/155/39 50/154/39 53/153/39
f 55/160/40 52/159/40 51/158/40 56/157/40
o cube
v 0.2875 2.303557753012208 -0.011399884080017797
v 0.2875 2.303557753012208 -0.7113998840800178
v 0.2875 1.728557753012208 -0.011399884080017797
v 0.2875 1.728557753012208 -0.7113998840800178
v -0.2875 2.303557753012208 -0.7113998840800178
v -0.2875 2.303557753012208 -0.011399884080017797
v -0.2875 1.728557753012208 -0.7113998840800178
v -0.2875 1.728557753012208 -0.011399884080017797
vt 0.4921875 0.703125
vt 0.5625 0.703125
vt 0.5625 0.6328125
vt 0.4921875 0.6328125
vt 0.40625 0.703125
vt 0.4921875 0.703125
vt 0.4921875 0.6328125
vt 0.40625 0.6328125
vt 0.6484375 0.703125
vt 0.71875 0.703125
vt 0.71875 0.6328125
vt 0.6484375 0.6328125
vt 0.5625 0.703125
vt 0.6484375 0.703125
vt 0.6484375 0.6328125
vt 0.5625 0.6328125
vt 0.5625 0.703125
vt 0.4921875 0.703125
vt 0.4921875 0.7890625
vt 0.5625 0.7890625
vt 0.6328125 0.7890625
vt 0.5625 0.7890625
vt 0.5625 0.703125
vt 0.6328125 0.703125
vn 0 0 -1
vn 1 0 0
vn 0 0 1
vn -1 0 0
vn 0 1 0
vn 0 -1 0
usemtl m_4c98f6f2-891f-c28e-5d78-7fafce3dd6fc
f 60/164/41 63/163/41 61/162/41 58/161/41
f 59/168/42 60/167/42 58/166/42 57/165/42
f 64/172/43 59/171/43 57/170/43 62/169/43
f 63/176/44 64/175/44 62/174/44 61/173/44
f 62/180/45 57/179/45 58/178/45 61/177/45
f 63/184/46 60/183/46 59/182/46 64/181/46
o cube
v 0.28125 2.2950251496249225 -0.7003851163080014
v 0.28125 2.281394091073255 -1.0125876855523317
v 0.28125 1.7330605249851274 -0.6758492109149998
v 0.28125 1.7194294664334597 -0.9880517801593303
v -0.28125 2.281394091073255 -1.0125876855523317
v -0.28125 2.2950251496249225 -0.7003851163080014
v -0.28125 1.7194294664334597 -0.9880517801593303
v -0.28125 1.7330605249851274 -0.6758492109149998
vt 0.484375 0.578125
vt 0.5546875 0.578125
vt 0.5546875 0.5078125
vt 0.484375 0.5078125
vt 0.4453125 0.578125
vt 0.484375 0.578125
vt 0.484375 0.5078125
vt 0.4453125 0.5078125
vt 0.59375 0.578125
vt 0.6640625 0.578125
vt 0.6640625 0.5078125
vt 0.59375 0.5078125
vt 0.5546875 0.578125
vt 0.59375 0.578125
vt 0.59375 0.5078125
vt 0.5546875 0.5078125
vt 0.5546875 0.578125
vt 0.484375 0.578125
vt 0.484375 0.6171875
vt 0.5546875 0.6171875
vt 0.625 0.6171875
vt 0.5546875 0.6171875
vt 0.5546875 0.578125
vt 0.625 0.578125
vn 0 -0.04361938736533599 -0.9990482215818577
vn 1 0 0
vn 0 0.04361938736533599 0.9990482215818577
vn -1 0 0
vn 0 0.9990482215818577 -0.04361938736533599
vn 0 -0.9990482215818577 0.04361938736533599
usemtl m_4c98f6f2-891f-c28e-5d78-7fafce3dd6fc
f 68/188/47 71/187/47 69/186/47 66/185/47
f 67/192/48 68/191/48 66/190/48 65/189/48
f 72/196/49 67/195/49 65/194/49 70/193/49
f 71/200/50 72/199/50 70/198/50 69/197/50
f 70/204/51 65/203/51 66/202/51 69/201/51
f 71/208/52 68/207/52 67/206/52 72/205/52
o cube
v 0.375 2.1562186086578268 0.6613044769893492
v 0.375 2.286454741908025 -0.07730133776980669
v 0.375 2.1562186086578268 0.6613044769893492
v 0.375 2.286454741908025 -0.07730133776980669
v -0.375 2.286454741908025 -0.07730133776980669
v -0.375 2.1562186086578268 0.6613044769893492
v -0.375 2.286454741908025 -0.07730133776980669
v -0.375 2.1562186086578268 0.6613044769893492
vt 0 1
vt 0.09375 1
vt 0.09375 1
vt 0 1
vt 0 1
vt 0.09375 1
vt 0.09375 1
vt 0 1
vt 0 1
vt 0.09375 1
vt 0.09375 1
vt 0 1
vt 0 1
vt 0.09375 1
vt 0.09375 1
vt 0 1
vt 0.6171875 0.8125
vt 0.5234375 0.8125
vt 0.5234375 0.90625
vt 0.6171875 0.90625
vn 0 0.17364817766693036 -0.9848077530122081
vn 1 0 0
vn 0 -0.17364817766693036 0.9848077530122081
vn -1 0 0
vn 0 0.9848077530122081 0.17364817766693036
usemtl m_4c98f6f2-891f-c28e-5d78-7fafce3dd6fc
f 76/212/53 79/211/53 77/210/53 74/209/53
f 75/216/54 76/215/54 74/214/54 73/213/54
f 80/220/55 75/219/55 73/218/55 78/217/55
f 79/224/56 80/223/56 78/222/56 77/221/56
f 78/228/57 73/227/57 74/226/57 77/225/57
o cube
v -0.3850081221460145 2.3381017308038414 0.6613044769893492
v -0.25477198889581676 2.3381017308038414 -0.07730133776980669
v -0.3850081221460145 2.3381017308038414 0.6613044769893492
v -0.25477198889581676 2.3381017308038414 -0.07730133776980669
v -0.254771988895817 1.5881017308038414 -0.07730133776980669
v -0.38500812214601476 1.5881017308038414 0.6613044769893492
v -0.254771988895817 1.5881017308038414 -0.07730133776980669
v -0.38500812214601476 1.5881017308038414 0.6613044769893492
vt 0 1
vt 0.09375 1
vt 0.09375 1
vt 0 1
vt 0 1
vt 0.09375 1
vt 0.09375 1
vt 0 1
vt 0 1
vt 0.09375 1
vt 0.09375 1
vt 0 1
vt 0 1
vt 0.09375 1
vt 0.09375 1
vt 0 1
vt 0.75 0.71875
vt 0.65625 0.71875
vt 0.65625 0.8125
vt 0.75 0.8125
vn 0.17364817766693033 -5.78364615090078e-17 -0.984807753012208
vn 3.3282657779280604e-16 1 3.0502555453419855e-17
vn -0.17364817766693033 5.78364615090078e-17 0.984807753012208
vn -3.3282657779280604e-16 -1 -3.0502555453419855e-17
vn -0.984807753012208 3.280068726670554e-16 -0.17364817766693036
usemtl m_4c98f6f2-891f-c28e-5d78-7fafce3dd6fc
f 84/232/58 87/231/58 85/230/58 82/229/58
f 83/236/59 84/235/59 82/234/59 81/233/59
f 88/240/60 83/239/60 81/238/60 86/237/60
f 87/244/61 88/243/61 86/242/61 85/241/61
f 86/248/62 81/247/62 82/246/62 85/245/62
o cube
v -0.125 0.9136644672330476 0.5044368827321364
v -0.125 0.8051343561912161 -0.1110679629004937
v -0.125 0.29815962160041753 0.6129669937739677
v -0.125 0.18962951055858612 -0.002537851858662288
v -0.5625 0.8051343561912161 -0.1110679629004937
v -0.5625 0.9136644672330476 0.5044368827321364
v -0.5625 0.18962951055858612 -0.002537851858662288
v -0.5625 0.29815962160041753 0.6129669937739677
vt 0.8125 0.453125
vt 0.8671875 0.453125
vt 0.8671875 0.375
vt 0.8125 0.375
vt 0.734375 0.453125
vt 0.8125 0.453125
vt 0.8125 0.375
vt 0.734375 0.375
vt 0.9453125 0.453125
vt 1 0.453125
vt 1 0.375
vt 0.9453125 0.375
vt 0.8671875 0.453125
vt 0.9453125 0.453125
vt 0.9453125 0.375
vt 0.8671875 0.375
vt 0.8671875 0.453125
vt 0.8125 0.453125
vt 0.8125 0.53125
vt 0.8671875 0.53125
vt 0.921875 0.53125
vt 0.8671875 0.53125
vt 0.8671875 0.453125
vt 0.921875 0.453125
vn 0 -0.17364817766693033 -0.984807753012208
vn 1 0 0
vn 0 0.17364817766693033 0.984807753012208
vn -1 0 0
vn 0 0.984807753012208 -0.17364817766693033
vn 0 -0.984807753012208 0.17364817766693033
usemtl m_4c98f6f2-891f-c28e-5d78-7fafce3dd6fc
f 92/252/63 95/251/63 93/250/63 90/249/63
f 91/256/64 92/255/64 90/254/64 89/253/64
f 96/260/65 91/259/65 89/258/65 94/257/65
f 95/264/66 96/263/66 94/262/66 93/261/66
f 94/268/67 89/267/67 90/266/67 93/265/67
f 95/272/68 92/271/68 91/270/68 96/269/68
o cube
v -0.1875 0.3995545685185773 0.4681600024390754
v -0.1875 0.34528951299766164 0.16040757962276042
v -0.1875 0.09180214570226242 0.5224250579599912
v -0.1875 0.037537090181346544 0.21467263514367618
v -0.5 0.34528951299766164 0.16040757962276042
v -0.5 0.3995545685185773 0.4681600024390754
v -0.5 0.037537090181346544 0.21467263514367618
v -0.5 0.09180214570226242 0.5224250579599912
vt 0.828125 0.3203125
vt 0.8671875 0.3203125
vt 0.8671875 0.28125
vt 0.828125 0.28125
vt 0.7890625 0.3203125
vt 0.828125 0.3203125
vt 0.828125 0.28125
vt 0.7890625 0.28125
vt 0.90625 0.3203125
vt 0.9453125 0.3203125
vt 0.9453125 0.28125
vt 0.90625 0.28125
vt 0.8671875 0.3203125
vt 0.90625 0.3203125
vt 0.90625 0.28125
vt 0.8671875 0.28125
vt 0.8671875 0.3203125
vt 0.828125 0.3203125
vt 0.828125 0.359375
vt 0.8671875 0.359375
vt 0.90625 0.359375
vt 0.8671875 0.359375
vt 0.8671875 0.3203125
vt 0.90625 0.3203125
vn 0 -0.17364817766693033 -0.984807753012208
vn 1 0 0
vn 0 0.17364817766693033 0.984807753012208
vn -1 0 0
vn 0 0.984807753012208 -0.17364817766693033
vn 0 -0.984807753012208 0.17364817766693033
usemtl m_4c98f6f2-891f-c28e-5d78-7fafce3dd6fc
f 100/276/69 103/275/69 101/274/69 98/273/69
f 99/280/70 100/279/70 98/278/70 97/277/70
f 104/284/71 99/283/71 97/282/71 102/281/71
f 103/288/72 104/287/72 102/286/72 101/285/72
f 102/292/73 97/291/73 98/290/73 101/289/73
f 103/296/74 100/295/74 99/294/74 104/293/74
o cube
v -0.15625 -0.31127989749493246 0.10769583544765049
v -0.15625 -0.31127989749493246 -0.2673041645523494
v -0.15625 -0.49877989749493246 0.10769583544765049
v -0.15625 -0.49877989749493246 -0.2673041645523494
v -0.53125 -0.31127989749493246 -0.2673041645523494
v -0.53125 -0.31127989749493246 0.10769583544765049
v -0.53125 -0.49877989749493246 -0.2673041645523494
v -0.53125 -0.49877989749493246 0.10769583544765049
vt 0.8203125 0.109375
vt 0.8671875 0.109375
vt 0.8671875 0.0859375
vt 0.8203125 0.0859375
vt 0.7734375 0.109375
vt 0.8203125 0.109375
vt 0.8203125 0.0859375
vt 0.7734375 0.0859375
vt 0.9140625 0.109375
vt 0.9609375 0.109375
vt 0.9609375 0.0859375
vt 0.9140625 0.0859375
vt 0.8671875 0.109375
vt 0.9140625 0.109375
vt 0.9140625 0.0859375
vt 0.8671875 0.0859375
vt 0.8671875 0.109375
vt 0.8203125 0.109375
vt 0.8203125 0.15625
vt 0.8671875 0.15625
vt 0.9140625 0.15625
vt 0.8671875 0.15625
vt 0.8671875 0.109375
vt 0.9140625 0.109375
vn 0 2.775557561562892e-17 -1
vn 1 0 0
vn 0 -2.775557561562892e-17 1
vn -1 0 0
vn 0 1 2.775557561562892e-17
vn 0 -1 -2.775557561562892e-17
usemtl m_4c98f6f2-891f-c28e-5d78-7fafce3dd6fc
f 108/300/75 111/299/75 109/298/75 106/297/75
f 107/304/76 108/303/76 106/302/76 105/301/76
f 112/308/77 107/307/77 105/306/77 110/305/77
f 111/312/78 112/311/78 110/310/78 109/309/78
f 110/316/79 105/315/79 106/314/79 109/313/79
f 111/320/80 108/319/80 107/318/80 112/317/80
o cube
v -0.11470368239980144 -0.24252989749493253 -0.17873007420178705
v -0.09727253385026985 -0.24252989749493253 -0.3779690138201361
v -0.11470368239980144 -0.5050298974949324 -0.17873007420178705
v -0.09727253385026985 -0.5050298974949324 -0.3779690138201361
v -0.29651147346861895 -0.24252989749493253 -0.39540016236966774
v -0.31394262201815054 -0.24252989749493253 -0.1961612227513187
v -0.29651147346861895 -0.5050298974949324 -0.39540016236966774
v -0.31394262201815054 -0.5050298974949324 -0.1961612227513187
vt 0.7734375 0.0546875
vt 0.796875 0.0546875
vt 0.796875 0.0234375
vt 0.7734375 0.0234375
vt 0.75 0.0546875
vt 0.7734375 0.0546875
vt 0.7734375 0.0234375
vt 0.75 0.0234375
vt 0.8203125 0.0546875
vt 0.84375 0.0546875
vt 0.84375 0.0234375
vt 0.8203125 0.0234375
vt 0.796875 0.0546875
vt 0.8203125 0.0546875
vt 0.8203125 0.0234375
vt 0.796875 0.0234375
vt 0.796875 0.0546875
vt 0.7734375 0.0546875
vt 0.7734375 0.078125
vt 0.796875 0.078125
vt 0.8203125 0.078125
vt 0.796875 0.078125
vt 0.796875 0.0546875
vt 0.8203125 0.0546875
vn 0.08715574274765817 2.7649957270774066e-17 -0.9961946980917457
vn 0.9961946980917455 -2.4190578081689283e-18 0.08715574274765818
vn -0.08715574274765817 -2.7649957270774066e-17 0.9961946980917457
vn -0.9961946980917455 2.4190578081689283e-18 -0.08715574274765818
vn 0 1 2.775557561562892e-17
vn 0 -1 -2.775557561562892e-17
usemtl m_4c98f6f2-891f-c28e-5d78-7fafce3dd6fc
f 116/324/81 119/323/81 117/322/81 114/321/81
f 115/328/82 116/327/82 114/326/82 113/325/82
f 120/332/83 115/331/83 113/330/83 118/329/83
f 119/336/84 120/335/84 118/334/84 117/333/84
f 118/340/85 113/339/85 114/338/85 117/337/85
f 119/344/86 116/343/86 115/342/86 120/341/86
o cube
v -0.37355737798184946 -0.24252989749493253 -0.1961612227513187
v -0.39098852653138105 -0.24252989749493253 -0.39540016236966774
v -0.37355737798184946 -0.5050298974949324 -0.1961612227513187
v -0.39098852653138105 -0.5050298974949324 -0.39540016236966774
v -0.5902274661497301 -0.24252989749493253 -0.3779690138201361
v -0.5727963176001984 -0.24252989749493253 -0.17873007420178705
v -0.5902274661497301 -0.5050298974949324 -0.3779690138201361
v -0.5727963176001984 -0.5050298974949324 -0.1787300742017871
vt 0.7734375 0.0546875
vt 0.796875 0.0546875
vt 0.796875 0.0234375
vt 0.7734375 0.0234375
vt 0.75 0.0546875
vt 0.7734375 0.0546875
vt 0.7734375 0.0234375
vt 0.75 0.0234375
vt 0.8203125 0.0546875
vt 0.84375 0.0546875
vt 0.84375 0.0234375
vt 0.8203125 0.0234375
vt 0.796875 0.0546875
vt 0.8203125 0.0546875
vt 0.8203125 0.0234375
vt 0.796875 0.0234375
vt 0.796875 0.0546875
vt 0.7734375 0.0546875
vt 0.7734375 0.078125
vt 0.796875 0.078125
vt 0.8203125 0.078125
vt 0.796875 0.078125
vt 0.796875 0.0546875
vt 0.8203125 0.0546875
vn -0.08715574274765817 2.7649957270774066e-17 -0.9961946980917457
vn 0.9961946980917455 2.4190578081689283e-18 -0.08715574274765818
vn 0.08715574274765817 -2.7649957270774066e-17 0.9961946980917457
vn -0.9961946980917455 -2.4190578081689283e-18 0.08715574274765818
vn 0 1 2.775557561562892e-17
vn 0 -1 -2.775557561562892e-17
usemtl m_4c98f6f2-891f-c28e-5d78-7fafce3dd6fc
f 124/348/87 127/347/87 125/346/87 122/345/87
f 123/352/88 124/351/88 122/350/88 121/349/88
f 128/356/89 123/355/89 121/354/89 126/353/89
f 127/360/90 128/359/90 126/358/90 125/357/90
f 126/364/91 121/363/91 122/362/91 125/361/91
f 127/368/92 124/367/92 123/366/92 128/365/92
o cube
v -0.25 -0.31127989749493246 0.2951958354476505
v -0.25 -0.31127989749493246 0.10769583544765049
v -0.25 -0.49877989749493246 0.2951958354476505
v -0.25 -0.49877989749493246 0.10769583544765049
v -0.375 -0.31127989749493246 0.10769583544765049
v -0.375 -0.31127989749493246 0.2951958354476505
v -0.375 -0.49877989749493246 0.10769583544765049
v -0.375 -0.49877989749493246 0.2951958354476505
vt 0.921875 0.046875
vt 0.9375 0.046875
vt 0.9375 0.0234375
vt 0.921875 0.0234375
vt 0.8984375 0.046875
vt 0.921875 0.046875
vt 0.921875 0.0234375
vt 0.8984375 0.0234375
vt 0.9609375 0.046875
vt 0.9765625 0.046875
vt 0.9765625 0.0234375
vt 0.9609375 0.0234375
vt 0.9375 0.046875
vt 0.9609375 0.046875
vt 0.9609375 0.0234375
vt 0.9375 0.0234375
vt 0.9375 0.046875
vt 0.921875 0.046875
vt 0.921875 0.0703125
vt 0.9375 0.0703125
vt 0.953125 0.0703125
vt 0.9375 0.0703125
vt 0.9375 0.046875
vt 0.953125 0.046875
vn 0 2.775557561562892e-17 -1
vn 1 0 0
vn 0 -2.775557561562892e-17 1
vn -1 0 0
vn 0 1 2.775557561562892e-17
vn 0 -1 -2.775557561562892e-17
usemtl m_4c98f6f2-891f-c28e-5d78-7fafce3dd6fc
f 132/372/93 135/371/93 133/370/93 130/369/93
f 131/376/94 132/375/94 130/374/94 129/373/94
f 136/380/95 131/379/95 129/378/95 134/377/95
f 135/384/96 136/383/96 134/382/96 133/381/96
f 134/388/97 129/387/97 130/386/97 133/385/97
f 135/392/98 132/391/98 131/390/98 136/389/98
o cube
v -0.32180656451365597 -0.24877989749493246 -0.2128942376587017
v -0.3479015209436682 -0.24877989749493246 -0.3985695005477461
v -0.32180656451365597 -0.49877989749493246 -0.2128942376587017
v -0.3479015209436682 -0.49877989749493246 -0.3985695005477461
v -0.5335767838327127 -0.24877989749493246 -0.37247454411773384
v -0.5074818274027004 -0.24877989749493246 -0.18679928122868938
v -0.5335767838327127 -0.49877989749493246 -0.37247454411773384
v -0.5074818274027004 -0.49877989749493246 -0.18679928122868944
vt 0.7734375 0.0546875
vt 0.796875 0.0546875
vt 0.796875 0.0234375
vt 0.7734375 0.0234375
vt 0.75 0.0546875
vt 0.7734375 0.0546875
vt 0.7734375 0.0234375
vt 0.75 0.0234375
vt 0.8203125 0.0546875
vt 0.84375 0.0546875
vt 0.84375 0.0234375
vt 0.8203125 0.0234375
vt 0.796875 0.0546875
vt 0.8203125 0.0546875
vt 0.8203125 0.0234375
vt 0.796875 0.0234375
vt 0.796875 0.0546875
vt 0.7734375 0.0546875
vt 0.7734375 0.078125
vt 0.796875 0.078125
vt 0.8203125 0.078125
vt 0.796875 0.078125
vt 0.796875 0.0546875
vt 0.8203125 0.0546875
vn -0.13917310096006538 2.7485460261699467e-17 -0.9902680687415703
vn 0.9902680687415704 3.862829527358654e-18 -0.13917310096006544
vn 0.13917310096006538 -2.7485460261699467e-17 0.9902680687415703
vn -0.9902680687415704 -3.862829527358654e-18 0.13917310096006544
vn -7.703719777548943e-34 1 2.775557561562892e-17
vn 7.703719777548943e-34 -1 -2.775557561562892e-17
usemtl m_4c98f6f2-891f-c28e-5d78-7fafce3dd6fc
f 140/396/99 143/395/99 141/394/99 138/393/99
f 139/400/100 140/399/100 138/398/100 137/397/100
f 144/404/101 139/403/101 137/402/101 142/401/101
f 143/408/102 144/407/102 142/406/102 141/405/102
f 142/412/103 137/411/103 138/410/103 141/409/103
f 143/416/104 140/415/104 139/414/104 144/413/104
o cube
v -0.2375 0.09110040491839844 0.44935122080363776
v -0.2375 0.21298539764299562 0.27528141139222706
v -0.2375 -0.492545426637508 0.040678009903517554
v -0.2375 -0.37066043391291076 -0.13339179950789315
v -0.45 0.21298539764299562 0.27528141139222706
v -0.45 0.09110040491839844 0.44935122080363776
v -0.45 -0.37066043391291076 -0.13339179950789315
v -0.45 -0.492545426637508 0.040678009903517554
vt 0.84375 0.25
vt 0.8671875 0.25
vt 0.8671875 0.1640625
vt 0.84375 0.1640625
vt 0.8203125 0.25
vt 0.84375 0.25
vt 0.84375 0.1640625
vt 0.8203125 0.1640625
vt 0.890625 0.25
vt 0.9140625 0.25
vt 0.9140625 0.1640625
vt 0.890625 0.1640625
vt 0.8671875 0.25
vt 0.890625 0.25
vt 0.890625 0.1640625
vt 0.8671875 0.1640625
vt 0.8671875 0.25
vt 0.84375 0.25
vt 0.84375 0.2734375
vt 0.8671875 0.2734375
vt 0.890625 0.2734375
vt 0.8671875 0.2734375
vt 0.8671875 0.25
vt 0.890625 0.25
vn 0 0.573576436351046 -0.8191520442889918
vn 1 0 0
vn 0 -0.573576436351046 0.8191520442889918
vn -1 0 0
vn 0 0.8191520442889918 0.573576436351046
vn 0 -0.8191520442889918 -0.573576436351046
usemtl m_4c98f6f2-891f-c28e-5d78-7fafce3dd6fc
f 148/420/105 151/419/105 149/418/105 146/417/105
f 147/424/106 148/423/106 146/422/106 145/421/106
f 152/428/107 147/427/107 145/426/107 150/425/107
f 151/432/108 152/431/108 150/430/108 149/429/108
f 150/436/109 145/435/109 146/434/109 149/433/109
f 151/440/110 148/439/110 147/438/110 152/437/110